472882049
472882073
472882099
472882103
472882117
472882141
472882169
472882171
472882199
472882219
472882253
472882259
472882283
472882297
472882337
472882391
472882411
472882429
472882447
472882453
472882477
472882499
472882511
472882517
472882537
472882559
472882573
472882577
472882609
472882637
472882639
472882661
472882673
472882733
472882747
472882843
472882847
472882853
472882867
472882979
472882987
472883011
472883023
472883087
472883113
472883129
472883149
472883161
472883179
472883189
472883219
472883233
472883239
472883261
472883291
472883293
472883303
472883329
472883351
472883353
472883363
472883371
472883377
472883399
472883413
472883431
472883447
472883461
472883471
472883479
472883507
472883527
472883539
472883549
472883603
472883623
472883629
472883639
472883659
472883689
472883729
472883737
472883743
472883767
472883783
472883813
472883867
472883891
472883911
472883953
472883959
472883963
472883981
472883993
472884001
472884007
472884011
472884031
472884043
472884059
